11,19,34,28,36,33,11,11,0,0,0,0,0,0,0,0,3,3,0,0,0,0,0,0,0,1,0,0,0,0,0,0,200
0,1
25,14,46,18,53,31,11,11,0,0,1,0,0,0,0,0,1,3,0,0,0,0,0,0,0,0,0,0,0,0,0,0,334
0,1
88,10,88,86,81,79,88,87,0,0,1,0,0,0,0,0,0,0,0,0,0,0,0,0,0,3,0,0,0,0,0,0,423
0,1
21,65,31,69,51,88,72,87,0,0,1,0,0,0,0,38,0,0,3,0,0,0,0,0,0,0,0,0,0,0,0,0,277
0,1
11,37,29,29,29,25,40,36,0,0,1,0,0,0,0,0,3,0,0,0,0,0,0,0,0,0,1,1,0,0,0,0,78
0,1
44,47,29,64,60,69,73,53,0,0,0,0,0,0,0,0,2,2,2,3,3,2,1,0,0,0,2,3,0,0,0,2,6
1,0
11,50,11,11,11,11,11,11,0,0,1,0,0,0,0,0,0,1,2,0,2,3,3,3,3,1,1,0,0,0,0,0,44
1,0
20,44,48,82,55,68,57,74,0,0,1,0,0,0,0,0,0,0,0,0,1,2,2,3,0,0,3,1,0,0,0,0,184
0,1
11,63,49,83,47,88,65,87,0,49,0,0,0,0,0,40,0,0,3,3,0,0,0,0,0,0,0,0,0,0,0,0,476
0,1
11,74,28,11,46,64,74,64,0,0,0,0,0,0,41,0,0,0,3,0,0,0,0,0,0,0,0,0,0,0,3,2,140
1,0
11,62,53,58,37,83,55,75,0,0,1,0,0,0,0,0,0,0,3,0,0,0,0,0,0,0,0,0,0,0,0,0,487
0,1
88,89,88,72,85,11,84,71,0,0,0,0,0,0,0,0,0,0,0,0,0,3,0,0,0,0,0,0,0,0,0,0,21
1,0
21,72,32,88,40,88,88,88,38,53,1,0,49,0,0,0,0,3,3,2,0,0,0,0,0,0,1,1,0,0,0,0,624
0,1
22,39,60,53,53,53,73,50,0,0,1,0,0,0,0,0,0,0,1,0,0,0,0,0,0,3,0,0,0,0,0,0,255
0,1
90,57,88,59,88,78,88,66,0,0,1,0,0,0,0,0,0,0,0,0,0,0,0,0,3,0,0,0,0,0,0,0,106
1,0
11,9,32,71,52,35,81,11,0,0,0,0,0,0,0,0,0,1,3,1,0,0,0,0,0,1,0,0,0,0,0,0,399
0,1
88,10,11,11,86,79,80,86,0,0,0,0,38,39,0,38,0,0,0,0,0,0,0,0,0,1,0,3,0,1,0,0,710
0,1
11,9,38,88,71,10,11,11,0,0,38,0,51,0,0,0,0,0,0,0,3,3,0,0,0,0,0,0,0,0,0,0,172
0,1
88,10,11,40,65,10,11,11,0,0,1,0,0,0,0,0,2,0,0,0,2,3,0,0,1,2,0,0,0,0,0,0,6
1,0
88,73,87,87,11,11,88,63,0,0,1,0,0,0,0,0,0,0,0,0,3,0,0,0,0,0,0,0,0,0,0,0,212
1,0
11,11,88,11,79,85,70,87,0,0,0,0,0,39,0,38,0,0,0,0,0,0,0,0,0,2,0,3,0,0,0,0,522
0,1
11,9,73,10,66,9,11,11,0,0,37,0,49,0,0,0,0,0,1,0,0,0,0,0,1,3,0,0,0,0,0,0,438
0,1
51,10,80,88,62,88,11,11,0,0,0,0,0,0,0,0,0,0,0,0,3,3,2,1,0,1,0,0,0,0,0,0,46
1,0
22,29,81,90,79,83,89,88,39,0,0,0,36,38,0,0,0,0,0,0,0,0,0,0,1,3,1,0,0,0,0,0,768
0,1
11,11,75,50,65,84,55,88,0,0,1,0,0,0,0,0,0,0,0,0,0,0,0,0,0,3,0,0,0,0,0,0,69
1,0
11,63,15,88,25,88,75,11,0,47,1,0,0,0,0,0,2,3,1,2,0,0,0,0,0,0,0,0,0,0,0,0,576
0,1
11,63,31,88,32,86,55,59,0,0,1,0,0,38,0,0,0,0,1,0,0,0,0,0,3,3,0,0,0,0,0,0,457
0,1
88,88,88,88,11,11,88,88,0,0,0,0,0,0,0,0,0,0,0,0,3,0,0,0,0,0,0,0,0,0,0,0,28
1,0
62,11,88,89,78,87,88,88,0,0,1,0,0,38,0,0,0,0,0,0,0,0,0,0,3,3,0,0,0,0,0,0,507
0,1
57,11,11,11,11,11,11,11,0,0,0,0,0,0,0,0,1,0,3,1,3,2,0,2,1,2,0,3,1,0,0,0,9
1,0
88,69,77,88,25,74,81,88,0,0,1,0,0,0,0,0,0,0,0,0,1,3,0,0,0,0,0,0,0,0,0,0,137
1,0
10,10,89,80,69,88,74,86,0,0,1,0,0,0,0,38,0,0,0,0,0,0,0,0,0,3,0,0,0,3,1,0,193
0,1
88,63,88,88,84,79,88,86,0,0,0,0,37,37,0,40,0,0,0,0,0,0,0,0,0,3,0,1,0,0,0,0,708
0,1
11,45,10,88,41,62,88,46,0,0,1,0,36,0,0,0,0,3,3,3,0,0,0,0,0,0,3,0,0,0,0,0,388
0,1
11,11,54,42,44,71,11,11,0,0,38,0,54,0,0,0,0,0,3,2,0,0,0,0,0,0,0,0,0,0,0,0,680
0,1
11,23,11,71,62,29,63,26,0,0,1,0,38,0,0,0,0,0,1,0,0,0,0,0,0,3,0,0,0,0,0,0,588
0,1
68,78,87,88,88,87,88,88,39,0,37,0,0,39,0,0,0,0,0,0,1,3,0,0,0,0,0,0,0,0,0,0,759
0,1
11,9,69,10,47,69,88,14,0,0,51,0,49,0,0,0,1,3,3,2,0,1,0,3,1,0,0,0,0,0,0,0,606
0,1
88,10,88,88,11,11,11,11,0,0,0,0,0,0,0,0,0,0,3,0,0,0,0,3,0,0,0,0,0,0,0,0,7
1,0
88,10,11,11,88,88,11,11,0,0,1,0,0,0,0,0,1,3,0,0,0,0,0,0,2,0,0,3,0,2,0,0,3
1,0
88,10,11,11,11,11,88,88,0,0,0,0,0,0,0,0,0,3,0,0,0,0,0,0,0,0,0,0,0,0,0,0,1
1,0
88,10,88,11,88,11,88,11,0,0,1,0,0,0,0,0,0,0,3,0,0,0,0,0,2,0,0,0,0,0,0,0,3
1,0
11,10,88,11,88,11,88,11,0,0,1,0,0,0,0,0,0,0,0,0,0,0,0,0,0,0,0,0,0,0,0,0,1
1,0
88,10,88,88,88,28,11,66,0,0,0,0,0,0,0,0,0,0,0,3,0,0,0,0,3,0,0,0,0,0,0,0,1
1,0
11,9,69,48,60,38,83,9,0,0,38,0,38,0,39,0,0,0,3,0,0,0,0,0,1,3,0,0,0,0,0,0,471
0,1
88,10,88,88,88,85,11,10,0,0,0,0,0,40,0,0,0,0,0,0,1,3,0,0,0,1,0,0,0,0,0,0,609
0,1
88,10,87,77,83,78,88,65,0,0,1,0,0,0,0,0,0,0,0,0,0,2,0,1,0,3,0,0,0,0,0,0,150
0,1
27,10,53,16,81,87,83,83,0,0,1,0,0,0,0,0,0,0,0,0,0,0,0,0,3,3,0,0,0,1,0,0,276
0,1
88,10,84,85,74,83,88,57,0,0,1,0,0,0,0,0,0,0,0,0,0,2,0,3,0,1,0,0,0,0,0,0,201
0,1
20,10,44,58,55,36,88,57,0,0,38,0,0,0,0,0,0,0,3,0,0,1,0,0,0,0,0,0,0,0,0,0,639
0,1
36,63,83,88,79,88,88,88,39,0,1,0,38,0,0,0,0,0,0,0,0,1,0,0,0,3,0,0,0,0,0,0,402
0,1
18,11,88,11,74,88,74,86,0,0,0,0,0,0,0,0,0,0,0,0,0,0,0,0,0,3,0,0,0,2,0,0,214
0,1
34,11,79,82,75,88,88,54,35,0,1,0,0,38,0,0,0,0,0,0,0,0,0,0,2,3,0,0,0,0,0,0,405
0,1
25,10,67,10,70,10,88,11,0,0,1,0,0,0,0,0,0,0,0,0,0,0,0,0,3,3,0,0,0,0,0,0,148
1,0
66,44,88,73,68,88,88,88,0,0,0,0,0,0,0,0,0,0,0,0,0,0,0,3,0,2,0,0,0,0,0,0,93
1,0
36,65,81,88,80,88,88,88,39,0,0,0,38,0,0,0,0,0,0,0,0,2,0,0,1,3,2,1,0,0,0,0,348
0,1
11,88,55,88,88,84,79,88,0,0,0,0,0,39,40,39,0,0,0,0,0,0,0,0,0,2,0,3,0,3,0,0,439
0,1
28,11,88,88,77,88,87,88,7,0,1,0,37,0,0,0,0,0,0,0,0,0,0,0,1,3,0,0,0,0,0,0,690
0,1
85,88,88,88,70,85,80,75,0,0,1,0,0,0,0,0,0,0,0,0,3,0,0,0,0,0,0,0,0,0,0,0,30
1,0
49,38,11,51,74,80,11,81,0,0,0,0,0,0,0,0,0,0,0,0,0,0,0,0,0,0,0,0,3,0,0,0,3
1,0
45,66,82,88,83,63,88,73,0,0,0,0,0,0,0,0,0,0,0,0,1,0,0,0,0,0,0,0,2,3,0,0,57
1,0
24,10,72,52,68,48,78,54,0,0,43,0,37,0,0,0,0,0,0,0,0,1,0,0,2,3,0,0,0,0,0,0,379
0,1
58,10,85,88,85,72,88,86,0,0,0,0,0,0,0,38,0,0,0,0,0,0,0,0,0,3,0,3,0,0,0,0,381
0,1
20,37,71,84,71,88,88,52,39,0,1,0,0,38,0,0,0,0,0,0,0,0,0,0,0,3,2,0,0,0,0,0,342
0,1
21,11,88,88,88,66,88,69,37,0,0,0,38,0,0,0,0,0,0,0,0,0,0,0,0,3,1,3,0,0,0,0,357
0,1
11,48,63,60,63,88,88,68,0,0,0,0,0,0,0,0,0,0,0,0,0,0,0,0,0,3,1,0,0,0,0,0,186
0,1
11,53,69,30,88,88,87,23,0,0,0,0,0,0,0,0,0,0,0,0,0,3,0,0,0,0,0,0,0,0,0,0,50
1,0
11,32,63,80,88,70,88,63,0,0,1,0,0,0,0,0,0,0,0,3,0,0,0,0,0,0,0,0,0,0,0,0,25
1,0
16,9,69,10,58,41,56,61,0,0,1,0,40,0,0,0,0,0,3,0,0,0,0,0,0,3,0,0,0,0,0,0,397
0,1
11,36,44,68,48,37,44,53,0,0,1,0,39,0,0,0,0,0,2,0,0,0,0,0,0,1,1,3,0,0,0,0,416
0,1
11,73,10,64,10,77,11,88,0,52,1,0,0,0,0,0,3,0,0,0,0,0,0,0,0,3,3,1,0,0,0,0,687
0,1
11,73,33,82,53,88,82,79,0,0,1,0,0,0,0,0,0,0,0,0,0,0,0,0,0,0,0,0,3,3,0,0,88
1,0
11,12,33,14,43,31,81,11,0,0,1,0,0,0,0,0,3,0,0,0,0,0,0,0,0,0,0,0,0,0,0,0,99
1,0
14,10,78,30,72,10,72,49,0,0,39,0,39,0,0,0,0,0,0,0,0,0,0,0,0,0,3,3,0,0,0,0,295
0,1
54,52,67,29,73,38,88,47,0,0,0,0,0,0,0,0,0,0,0,0,0,3,0,3,0,0,0,0,0,0,0,0,159
1,0
13,33,67,88,67,88,73,88,39,0,1,0,0,0,0,0,0,0,0,0,0,0,0,0,0,3,0,0,0,0,0,0,348
0,1
11,16,82,58,81,80,80,79,0,0,38,0,0,0,0,0,0,0,0,3,0,0,0,0,0,0,0,0,0,0,0,0,763
1,0
14,36,67,11,72,71,80,88,39,0,1,0,0,0,0,0,0,0,0,0,0,0,0,0,0,0,0,0,1,3,0,1,50
0,1
11,87,70,72,81,73,80,87,0,0,46,0,0,0,0,38,0,0,0,0,0,0,0,0,0,2,0,0,2,3,0,0,150
0,1
88,11,88,73,75,78,86,70,0,0,0,0,0,0,0,0,0,0,0,0,0,0,0,0,0,3,0,0,0,0,0,0,76
1,0
11,41,10,88,10,78,11,88,0,0,1,0,0,0,0,0,0,3,2,2,3,2,0,1,0,0,0,0,0,0,0,0,16
1,0
15,28,45,41,51,58,61,11,0,45,1,0,84,0,0,0,3,3,0,0,0,2,0,0,0,0,0,0,0,0,0,0,840
0,1
34,49,35,77,50,67,60,37,0,40,54,0,0,0,0,0,0,3,3,2,0,3,1,2,0,0,0,0,0,0,0,0,542
0,1
13,10,38,53,42,55,35,46,0,0,1,0,0,0,0,0,0,3,0,0,0,0,0,0,0,0,0,0,0,0,0,0,407
0,1
88,88,11,60,11,11,11,88,0,0,1,0,0,0,0,0,0,2,3,0,3,0,0,2,0,0,0,0,0,0,0,0,8
1,0
88,11,88,11,47,54,11,56,0,0,0,0,0,0,0,0,2,3,0,0,0,0,0,3,0,0,1,0,0,0,0,0,3
1,0
13,32,39,88,59,43,88,48,39,0,1,0,0,0,0,0,0,0,0,0,0,0,0,0,0,0,2,3,0,0,0,0,50
0,1
59,56,81,87,88,52,88,86,0,0,1,0,0,0,0,0,0,0,0,0,0,0,0,0,0,3,1,0,2,1,0,0,72
1,0
11,88,28,52,56,42,82,61,0,0,0,0,0,0,0,0,0,0,3,0,0,0,0,0,0,0,0,0,0,0,0,0,1
1,0
26,21,37,52,57,28,88,33,0,40,1,0,0,0,0,0,3,3,0,0,3,3,0,0,0,0,0,0,0,0,0,0,364
0,1
24,10,85,88,79,83,88,74,42,0,38,0,0,0,0,0,0,0,0,0,0,0,0,0,2,3,0,0,0,0,0,0,495
0,1
11,70,63,27,88,88,72,64,0,0,0,0,0,0,0,0,0,0,0,0,0,0,0,0,0,0,0,0,0,0,0,0,1
1,0
39,75,88,88,88,80,88,57,53,45,0,0,0,39,0,0,0,3,0,0,0,0,0,0,2,3,0,0,0,0,0,0,807
0,1
42,10,61,88,48,61,42,52,0,0,1,0,0,0,0,0,0,0,3,0,0,0,0,0,0,0,0,0,0,0,0,0,1
1,0
49,78,63,69,88,86,88,76,0,0,0,0,0,0,0,0,0,0,3,0,0,0,0,0,0,3,0,0,0,2,0,0,3
1,0
30,39,88,87,74,88,78,88,63,0,1,39,0,0,0,0,0,0,0,0,0,1,0,3,0,1,0,0,0,0,0,0,538
0,1
11,21,76,11,79,88,88,68,0,0,1,0,0,0,0,0,0,0,0,0,0,0,0,0,0,3,0,0,2,3,0,2,13
0,1
12,10,9,32,10,37,11,47,0,0,1,0,0,0,0,0,0,0,0,0,3,3,3,3,0,0,0,0,1,1,0,1,49
1,0
22,15,38,37,42,40,48,11,0,0,0,0,0,0,0,0,1,3,0,0,0,1,0,0,0,1,0,0,0,0,0,0,156
0,1
26,40,22,40,32,42,11,11,0,0,0,0,0,0,0,0,3,0,0,0,0,0,0,0,0,2,0,0,0,0,0,0,186
0,1
11,16,68,41,45,38,47,35,0,0,1,0,0,0,0,0,0,1,0,0,0,0,0,0,0,3,0,0,1,1,0,0,72
0,1
11,10,25,52,15,34,11,30,0,0,0,0,0,0,0,0,0,3,3,1,1,0,0,0,0,0,0,0,0,0,0,0,7
1,0
47,10,47,38,52,71,83,47,0,0,1,0,0,0,0,0,0,3,0,0,0,0,0,0,0,0,0,0,0,0,2,0,5
1,0
30,10,48,37,30,21,88,53,0,0,1,0,0,0,0,0,0,0,3,0,0,0,0,0,0,0,0,0,0,0,0,0,5
1,0
31,33,24,67,38,52,11,11,0,0,1,0,0,0,0,0,2,3,0,0,0,2,0,0,0,1,0,0,0,0,0,0,293
0,1
11,18,22,67,33,48,50,47,0,0,1,0,0,0,0,0,1,3,0,0,0,0,0,0,0,1,0,0,0,0,0,0,281
0,1
11,16,48,16,44,28,60,38,0,0,0,0,0,0,0,0,3,3,0,0,0,0,0,0,0,0,0,0,0,0,0,0,369
0,1
48,10,39,44,54,22,74,50,0,0,1,0,0,0,0,0,3,3,3,0,0,0,0,0,0,0,0,0,0,0,0,0,6
1,0
11,10,11,83,11,88,11,79,0,0,1,0,0,0,0,0,0,0,0,0,0,0,0,0,0,0,0,0,0,0,3,3,4
1,0
58,10,11,80,11,84,11,74,0,0,1,0,0,0,0,0,0,0,3,0,0,0,0,0,0,0,0,0,0,0,0,0,2
1,0
88,10,11,76,11,85,11,73,0,0,1,0,0,0,0,0,0,0,0,0,0,0,0,3,2,0,0,0,0,0,0,0,3
1,0
11,10,11,88,11,67,11,74,0,0,0,0,0,0,0,0,0,0,3,0,0,0,0,0,0,0,0,0,0,1,2,0,3
1,0
11,10,10,64,11,73,11,85,0,0,1,0,0,0,0,0,0,0,0,0,0,0,0,0,0,0,0,0,0,0,0,0,1
1,0
11,10,88,11,88,11,88,11,0,0,1,0,0,0,0,0,0,3,0,0,0,0,0,0,0,0,0,1,0,0,2,0,3
1,0
11,10,88,42,88,55,88,84,0,0,1,0,0,0,0,0,0,0,0,3,0,0,0,0,0,0,0,0,0,0,0,0,122
1,0
11,88,11,11,11,11,11,11,0,0,0,0,0,0,0,0,0,0,0,3,3,0,0,0,0,0,0,0,0,0,0,0,5
1,0
11,88,11,88,11,88,11,88,0,0,0,0,0,0,0,0,0,0,3,0,0,1,0,0,0,0,0,0,3,0,0,0,3
1,0
10,88,35,72,65,39,88,66,0,0,0,0,0,0,0,0,3,0,0,2,0,0,0,0,0,0,0,0,3,1,3,0,5
1,0
11,13,50,52,48,26,50,30,0,0,1,0,0,0,0,0,0,2,0,0,0,0,0,0,0,3,0,0,0,0,0,0,88
0,1
11,28,16,57,31,30,58,56,0,0,0,0,0,0,0,0,3,0,0,0,1,0,0,0,0,2,0,0,0,0,0,0,39
0,1
11,18,28,53,40,27,46,48,0,0,0,0,0,0,0,0,2,3,0,0,0,1,0,0,0,0,0,0,0,0,0,0,219
0,1
11,24,37,22,39,24,62,11,0,0,0,0,0,0,0,0,3,0,0,0,0,0,0,0,0,3,0,0,0,0,0,0,243
0,1
19,15,38,35,43,34,65,38,0,0,1,0,0,0,0,0,3,1,0,0,0,2,0,0,0,0,0,0,0,0,0,0,231
0,1
11,31,63,59,72,88,69,88,0,0,1,0,0,0,0,0,0,0,0,0,0,0,0,0,0,3,0,0,0,0,0,0,297
0,1
38,11,88,88,72,83,69,87,0,0,1,0,0,0,0,0,0,0,0,0,0,0,0,0,0,3,0,0,0,0,0,0,250
0,1
11,59,29,56,47,88,62,88,0,0,0,0,0,0,0,0,0,0,0,0,0,0,0,0,0,0,0,0,3,3,0,2,14
0,1
19,16,38,41,37,53,63,56,0,0,1,0,0,0,0,0,1,3,0,0,0,1,0,0,0,0,0,0,0,0,0,0,308
0,1
11,22,34,39,38,52,64,83,0,0,0,0,0,0,0,0,3,3,0,0,0,2,0,0,0,0,0,0,0,0,0,0,291
0,1
10,12,40,28,45,29,59,33,0,0,0,0,0,0,0,0,1,3,0,0,0,1,0,0,0,0,0,0,0,0,0,0,200
0,1
10,65,69,16,69,38,67,88,0,0,0,0,0,0,0,0,0,0,0,0,0,0,0,0,3,0,0,0,0,0,0,0,6
1,0
11,21,30,32,39,22,51,49,0,0,1,0,0,0,0,0,0,2,0,1,3,0,0,0,0,0,0,0,0,0,3,0,8
1,0
11,27,52,62,36,45,41,40,0,0,1,0,0,0,0,0,0,2,0,0,0,0,0,0,0,1,0,0,0,3,0,0,48
0,1
48,88,22,76,17,33,11,78,0,0,0,0,0,0,0,0,3,3,3,3,3,3,3,3,3,3,3,3,3,3,3,3,-4
1,0
29,54,60,42,88,69,88,88,0,0,0,0,0,0,0,0,0,0,0,0,0,3,0,0,0,0,0,0,0,0,0,0,22
1,0
13,62,51,40,74,43,79,88,0,0,0,0,0,0,0,0,0,0,0,1,0,0,0,0,0,0,0,0,0,0,3,2,6
1,0
36,43,89,88,87,69,88,59,0,0,1,0,0,0,0,0,0,0,0,0,0,0,0,0,2,0,2,0,0,0,3,0,2
1,0
15,22,25,47,40,28,47,65,0,0,0,0,0,0,0,0,3,3,0,0,0,0,0,0,0,1,0,0,0,0,0,0,240
0,1
16,22,30,39,38,31,34,73,0,0,0,0,0,0,0,0,3,0,0,0,0,1,0,0,0,0,0,0,0,0,0,0,274
0,1
11,26,26,46,34,28,37,54,0,0,1,0,0,0,0,0,3,0,0,0,0,0,0,0,0,1,0,0,0,0,0,0,216
0,1
17,39,26,41,26,47,38,59,0,0,38,0,0,0,0,0,3,0,0,0,0,1,0,0,0,0,0,0,0,0,0,0,480
0,1
27,41,11,55,22,58,82,44,0,0,0,0,0,0,0,0,3,0,0,0,0,3,0,0,0,0,0,0,0,0,0,0,132
0,1
19,22,23,59,33,44,69,11,0,0,1,0,0,0,0,0,3,0,0,0,0,0,0,0,0,0,0,0,0,0,0,0,169
0,1
15,24,33,53,35,44,40,55,0,0,0,0,0,0,0,0,0,1,0,0,0,0,0,0,0,3,0,0,0,0,0,0,235
0,1
12,9,66,83,71,62,49,88,0,0,1,0,37,0,0,0,0,0,0,0,0,0,0,1,0,0,3,0,0,0,0,0,334
0,1
11,28,58,75,64,62,88,46,0,0,0,0,38,0,0,0,0,0,0,0,0,0,0,0,0,0,3,1,0,0,0,0,202
0,1
16,40,37,10,28,40,49,50,0,0,0,0,0,0,0,0,3,3,0,0,0,0,0,0,0,0,0,0,0,0,0,0,345
0,1
62,11,30,42,64,53,34,30,0,0,1,0,0,0,0,0,0,1,0,1,0,0,0,0,0,0,2,0,0,0,3,0,5
1,0
41,11,59,30,30,44,82,38,0,0,0,0,0,0,0,0,2,3,0,0,0,0,0,3,0,0,0,0,3,0,2,0,4
1,0
12,29,56,81,62,88,74,59,0,0,0,0,0,0,0,0,3,0,0,0,0,0,0,0,0,0,0,0,0,0,0,0,4
1,0
75,11,82,81,86,65,78,74,0,0,1,0,0,0,0,0,3,0,0,0,0,0,0,0,2,2,3,0,0,0,3,0,5
1,0
34,10,81,43,88,77,88,56,0,0,1,0,0,0,0,0,3,3,0,0,0,0,0,0,3,1,3,0,0,0,0,0,3
1,0
18,20,31,56,40,49,57,66,0,0,1,0,0,0,0,0,0,3,0,0,0,2,0,0,0,0,0,0,0,0,0,0,311
0,1
19,9,58,10,62,28,59,18,0,0,1,0,37,0,0,0,2,3,0,0,0,0,0,0,0,0,0,0,0,0,0,0,755
0,1
15,36,23,27,44,10,54,41,0,0,1,0,0,0,0,0,3,0,0,0,0,0,0,0,0,0,3,0,0,0,0,0,214
0,1
38,19,30,37,42,40,69,44,0,0,0,0,0,0,0,0,3,0,0,0,0,1,0,0,0,0,0,0,0,0,0,0,174
0,1
18,20,51,40,48,62,78,34,0,0,0,0,0,0,0,0,0,0,0,0,3,1,0,0,0,0,3,0,0,0,0,0,31
0,1
10,44,51,88,54,88,60,77,0,0,1,0,0,0,0,0,0,0,0,0,0,2,2,3,0,1,0,0,0,0,0,0,110
0,1
11,49,48,78,70,75,76,78,0,0,1,0,37,0,0,0,0,0,0,0,0,0,0,0,0,2,1,3,0,0,0,0,321
0,1
28,30,30,66,47,46,88,52,0,0,1,0,0,0,0,0,0,1,1,0,0,0,0,0,0,1,3,0,0,0,0,0,370
0,1
11,29,24,54,24,53,34,65,0,0,1,0,0,0,0,0,3,3,0,0,0,0,0,0,0,1,0,0,0,0,0,0,237
0,1
11,30,19,88,25,88,87,18,0,0,0,0,0,0,0,0,0,0,2,3,0,1,0,0,0,0,0,0,0,0,0,0,252
0,1
11,44,48,84,51,84,49,69,0,0,1,0,0,0,0,0,0,0,0,0,0,0,0,0,0,3,0,0,0,0,0,0,66
0,1
11,88,31,15,46,17,59,31,0,0,0,0,0,0,0,0,0,0,0,0,0,0,0,0,0,0,0,0,3,0,2,0,2
1,0
11,79,25,88,65,62,72,78,0,0,1,0,0,0,0,0,0,0,0,0,0,0,0,2,0,0,0,0,0,0,0,3,2
1,0
12,52,27,82,38,73,54,88,0,0,0,0,0,0,0,0,0,0,3,3,0,0,0,0,0,0,0,0,0,0,0,0,387
0,1
12,49,21,36,23,45,39,71,0,0,0,0,0,0,0,0,3,2,0,0,0,0,0,0,0,0,0,0,0,0,0,0,426
0,1
33,11,47,38,52,22,64,55,0,0,1,0,0,0,0,0,3,3,0,0,0,0,0,0,0,0,0,0,0,0,0,0,8
1,0
70,59,66,37,55,66,24,55,0,0,0,0,0,0,0,0,2,0,0,0,0,1,0,0,0,0,3,0,1,0,0,2,6
1,0
49,74,88,72,81,39,81,88,0,0,0,0,0,0,0,0,0,3,0,0,0,0,0,0,0,0,0,0,0,0,0,0,1
1,0
21,77,32,62,74,88,87,87,0,0,1,0,0,0,0,0,0,0,0,0,0,0,0,3,0,0,3,0,0,0,0,0,1
1,0
27,16,74,88,53,76,11,81,0,0,1,0,0,0,0,0,2,1,3,0,0,0,0,0,0,0,0,0,0,0,0,0,6
1,0
31,34,65,88,75,88,79,85,0,0,0,0,0,0,0,0,0,1,0,0,3,2,0,1,0,0,0,0,0,0,0,0,6
1,0
18,40,30,72,38,62,88,35,0,0,1,0,0,0,0,0,0,0,3,2,0,0,0,0,0,0,3,0,0,0,0,0,184
0,1
13,46,20,75,28,46,44,48,0,0,1,0,0,0,0,0,1,3,0,0,0,0,0,0,0,0,1,1,0,0,1,0,198
0,1
18,44,38,78,55,80,65,74,0,0,0,0,0,0,0,0,0,0,0,0,0,0,0,0,0,0,3,3,0,0,0,0,154
0,1
13,28,31,33,35,34,64,48,0,0,1,0,0,0,0,0,1,3,0,0,0,0,0,0,0,1,2,0,0,0,0,0,262
0,1
13,11,43,52,41,37,68,9,0,0,0,0,0,0,0,0,0,3,0,0,0,0,0,0,0,0,0,0,0,0,0,0,85
0,1
27,26,43,88,62,33,88,16,0,0,1,0,0,0,0,0,0,0,0,0,0,0,0,0,0,0,0,0,0,0,0,0,1
1,0
19,72,34,70,66,84,88,78,0,0,1,0,0,0,0,0,0,1,0,1,0,0,3,1,0,0,1,0,0,0,0,0,7
1,0
36,35,45,88,75,38,88,70,0,0,0,0,0,0,0,0,0,3,0,2,0,0,0,0,0,0,0,0,0,0,0,0,5
1,0
22,88,42,69,88,11,88,88,0,0,1,0,0,0,0,0,0,0,0,0,0,0,0,0,3,0,0,0,0,0,0,3,5
1,0
23,15,48,64,49,62,85,69,0,0,1,0,0,0,0,0,0,0,0,0,0,0,0,3,0,0,0,0,0,0,0,0,334
0,1
11,58,52,90,53,88,84,67,0,0,0,0,0,0,23,0,0,0,2,0,0,1,3,3,0,0,0,0,0,0,0,0,14
0,1
15,45,33,80,46,65,70,76,0,0,0,0,0,0,0,0,0,0,3,3,0,0,0,2,0,0,1,0,0,0,0,0,314
0,1
34,54,55,56,76,20,88,22,0,0,1,0,0,0,0,0,0,3,3,3,0,0,0,0,0,0,0,0,0,0,0,3,4
1,0
86,19,88,84,73,83,88,68,15,0,1,0,0,0,0,0,0,0,0,0,0,0,0,0,0,3,0,0,0,0,0,0,339
0,1
12,67,11,81,73,86,88,70,39,0,0,0,0,38,0,0,0,0,0,0,0,0,0,0,0,3,0,0,0,0,0,0,552
0,1
28,88,31,88,88,58,88,50,0,0,1,0,0,0,0,0,0,0,0,0,0,0,0,0,0,3,0,0,0,0,0,0,1
1,0
38,88,51,33,88,47,81,70,0,0,0,0,0,0,0,0,0,0,0,3,0,0,0,0,0,0,0,0,0,0,0,0,4
1,0
88,86,86,88,88,88,88,88,0,0,1,0,0,0,0,0,3,3,0,0,0,0,0,0,0,0,2,0,0,3,2,0,2
1,0
10,89,86,88,42,80,25,64,0,0,1,0,0,0,0,0,0,0,0,0,0,0,0,0,0,0,3,0,0,0,0,0,4
1,0
36,49,88,72,80,73,62,84,0,0,1,0,0,0,0,0,0,0,0,1,2,0,0,3,2,0,0,0,0,0,0,0,10
1,0
16,49,30,88,38,81,65,70,0,0,0,0,0,0,0,0,0,0,3,1,0,0,0,0,0,0,0,0,0,0,0,0,128
0,1
10,60,10,11,11,11,11,11,0,0,1,0,0,0,0,0,0,3,1,2,0,0,0,0,0,0,0,0,0,0,0,0,333
0,1
11,52,27,85,23,69,44,62,0,0,1,0,0,0,0,0,0,3,1,0,0,0,0,0,0,0,2,2,0,0,0,0,125
0,1
11,24,45,53,32,55,52,40,0,0,1,0,0,0,0,0,0,2,3,0,0,0,0,3,0,0,0,0,0,0,0,0,107
0,1
40,11,11,11,11,11,11,11,0,0,0,0,0,0,0,0,3,0,0,0,0,0,0,0,0,0,0,0,0,0,0,0,3
1,0
11,44,52,88,52,88,56,85,0,0,0,0,0,0,0,0,0,0,0,0,2,3,3,3,0,2,1,0,0,0,0,0,40
0,1
11,44,52,88,52,88,49,58,0,0,1,0,0,0,0,0,0,0,0,0,3,0,0,0,0,0,0,0,0,0,0,0,1
0,1
11,44,52,88,52,88,42,50,0,0,1,0,0,0,0,0,2,0,2,0,0,0,0,0,0,0,0,0,0,3,0,0,2
0,1
11,49,52,88,52,88,27,37,0,0,1,0,0,0,0,0,0,0,0,0,0,0,0,0,3,0,0,0,0,0,0,1,5
0,1
11,30,34,71,43,55,27,37,0,0,1,0,0,0,0,0,0,0,3,3,0,0,0,3,0,0,2,0,0,0,0,0,201
0,1
11,30,34,71,43,55,32,56,0,0,1,0,0,0,0,0,2,0,0,2,3,1,0,0,2,0,3,0,0,0,0,0,10
0,1
11,30,34,71,43,55,58,76,0,0,1,0,0,0,0,0,0,0,0,0,3,3,3,0,0,0,0,0,0,0,0,0,11
0,1
11,30,34,71,43,55,69,78,0,0,0,0,0,0,0,0,0,1,0,0,0,2,0,0,3,0,0,0,1,0,0,0,8
0,1
11,30,34,71,43,55,69,78,0,0,1,0,0,0,0,0,0,3,0,0,0,0,0,0,2,3,0,0,0,0,0,0,9
1,0
11,30,34,71,58,88,69,88,0,0,1,0,0,0,0,0,0,0,0,3,1,1,0,0,1,0,3,0,0,0,0,0,6
1,0
11,30,43,71,63,88,69,74,0,0,1,0,0,0,0,0,0,0,0,0,0,2,0,0,0,1,3,0,1,0,0,0,3
1,0
11,83,43,71,63,88,69,74,0,0,1,0,0,0,0,0,3,0,0,3,0,1,0,0,0,0,0,0,0,1,0,0,3
1,0
10,11,71,88,63,88,69,74,0,0,1,0,0,0,0,0,3,2,2,0,0,0,2,2,0,0,3,0,0,2,0,0,6
1,0
10,54,71,88,63,88,69,74,0,0,1,0,0,0,0,0,3,0,0,0,0,3,2,2,1,0,0,0,1,0,0,1,5
1,0
26,88,40,44,63,88,69,74,0,0,1,0,0,0,0,0,0,3,0,0,0,3,0,0,2,0,2,0,2,1,1,0,6
1,0
26,88,40,88,63,88,69,74,0,0,1,0,0,0,0,0,0,1,0,0,0,0,0,1,0,2,0,3,0,0,0,0,5
1,0
11,60,11,11,47,85,63,76,0,0,1,0,0,0,0,0,0,0,0,0,0,0,0,0,0,0,0,0,0,0,3,1,66
0,1
11,60,26,64,47,85,63,76,0,0,1,0,0,0,0,0,0,0,0,0,0,0,0,0,3,3,2,3,0,0,0,0,8
0,1
11,60,32,64,50,85,63,76,0,0,1,0,0,0,0,0,0,1,3,0,0,1,0,0,0,0,0,0,0,0,0,0,9
1,0
11,38,45,88,50,85,67,76,0,0,1,0,0,0,0,0,0,0,0,0,3,3,3,2,0,2,1,1,0,0,0,0,30
0,1
11,38,45,88,50,85,82,76,0,0,0,0,0,0,0,0,0,0,0,0,0,0,3,3,3,0,0,3,0,0,0,0,8
0,1
11,38,48,88,52,85,65,38,0,0,1,0,0,0,0,0,0,0,0,0,0,0,0,1,0,3,1,0,0,0,0,0,30
0,1
11,50,57,88,52,85,65,38,0,0,1,0,0,0,0,0,0,0,0,0,0,1,2,3,0,0,0,0,0,0,0,0,36
0,1
11,11,57,88,52,85,65,38,0,0,0,0,0,0,0,0,0,0,1,0,3,0,0,0,0,1,0,0,1,0,0,0,7
1,0
11,52,57,88,52,85,83,59,0,0,1,0,0,0,0,0,0,0,2,0,2,0,0,1,3,0,0,0,0,0,0,0,6
1,0
10,67,57,89,52,85,83,71,0,0,1,0,0,0,0,0,0,0,0,3,0,0,0,0,0,0,0,0,0,0,0,0,14
1,0
10,57,53,88,50,62,25,71,0,0,38,0,0,0,0,0,0,0,0,3,0,0,1,3,0,0,0,0,0,0,0,0,187
0,1
10,25,30,61,34,63,25,71,0,0,0,0,0,0,0,0,0,1,3,0,0,0,0,0,0,1,0,0,0,0,0,0,83
0,1
10,34,30,50,34,50,11,11,0,0,1,0,0,0,0,0,0,3,0,0,0,0,0,0,0,0,2,0,0,0,0,0,184
0,1
10,34,30,50,34,50,88,88,0,0,1,0,0,0,0,0,0,1,0,0,0,0,0,0,0,0,3,1,0,0,0,0,22
0,1
10,44,18,46,19,45,88,88,0,0,0,0,0,0,0,0,3,0,0,0,0,0,0,0,0,0,0,0,0,0,0,0,96
0,1
10,52,13,37,18,45,88,88,0,0,1,0,0,0,0,0,3,0,0,0,0,0,0,0,0,0,3,0,0,0,0,0,194
0,1
10,52,13,37,18,45,40,51,0,0,0,0,0,0,0,0,0,0,0,0,0,1,3,1,0,0,0,0,0,0,0,0,5
0,1
10,52,13,37,18,45,20,21,0,0,1,0,0,0,0,0,0,2,0,3,2,0,0,0,1,0,0,0,0,0,0,0,5
0,1
10,56,10,65,10,70,20,21,0,0,1,0,0,0,0,0,0,3,0,0,0,0,0,0,0,0,0,0,0,0,0,0,116
0,1
10,56,10,65,10,70,68,53,0,0,1,0,0,0,0,0,3,3,0,0,0,0,0,0,0,0,0,0,0,0,0,0,63
0,1
11,56,10,65,11,70,88,85,0,0,1,0,0,0,0,0,0,3,2,0,0,1,3,0,0,0,0,0,0,0,0,0,10
0,1
11,51,40,88,37,88,88,85,0,0,1,0,0,0,0,0,0,0,3,1,0,0,0,0,0,3,0,1,0,0,0,0,133
0,1
11,51,40,88,37,88,55,68,0,0,1,0,0,0,0,0,0,0,3,0,0,0,0,0,0,0,3,2,0,0,0,0,14
0,1
11,46,40,88,37,88,55,68,0,0,1,0,0,0,0,0,0,0,0,0,0,0,0,0,0,0,0,0,3,3,0,0,2
1,0
11,46,40,88,37,88,57,72,0,0,0,0,0,0,0,0,0,0,0,3,0,0,0,0,0,0,1,0,0,0,0,0,3
1,0
11,46,46,88,80,88,81,72,0,0,1,0,0,0,0,0,3,0,0,0,0,0,3,0,0,0,3,0,0,0,2,0,4
1,0
10,73,46,89,80,88,81,72,0,0,0,0,0,0,0,0,0,3,0,0,0,0,0,0,0,0,0,0,0,0,0,3,2
1,0
10,56,60,89,80,83,81,72,0,0,1,0,0,0,0,0,0,0,0,0,0,2,2,3,0,0,0,0,0,0,0,0,14
1,0
10,34,71,89,80,83,81,72,0,0,0,0,0,0,0,0,0,0,0,0,0,0,3,0,0,0,0,0,0,0,0,0,11
1,0
10,28,88,89,80,83,81,72,0,0,1,0,0,0,0,0,0,0,0,0,1,0,3,0,0,0,0,0,0,0,0,2,13
1,0
88,11,88,88,88,88,88,88,0,0,1,0,0,0,0,0,2,3,2,0,2,0,0,0,0,0,3,0,2,0,3,2,4
1,0
71,19,88,88,88,88,88,88,0,0,1,0,0,0,0,0,0,3,1,1,0,0,0,1,0,0,0,0,0,0,0,0,8
1,0
44,48,88,88,88,88,88,88,0,0,1,0,0,0,0,0,0,0,0,0,0,0,0,0,3,0,0,0,0,0,0,0,7
1,0
44,48,80,88,82,88,81,88,0,0,1,0,0,0,0,0,3,2,0,0,0,0,0,0,3,0,1,0,0,0,1,0,7
1,0
44,48,80,65,82,68,81,69,0,0,1,0,0,0,0,0,0,1,0,0,0,1,0,3,0,0,0,0,1,0,0,0,5
1,0
44,48,80,44,82,46,81,47,0,0,1,0,0,0,0,0,0,3,2,0,0,3,0,0,0,0,0,0,2,0,0,3,4
1,0
44,40,80,20,82,19,81,18,0,0,1,0,0,0,0,0,1,0,1,0,3,0,0,1,0,0,0,1,0,0,1,1,6
1,0
44,40,44,87,44,88,43,88,0,0,1,0,0,0,0,0,0,0,0,0,0,0,0,0,0,0,0,0,3,3,0,0,2
1,0
44,40,44,67,44,66,43,65,0,0,1,0,0,0,0,0,0,0,1,0,2,0,0,0,3,0,2,0,0,0,0,0,5
1,0
44,39,27,16,30,15,29,13,0,0,1,0,0,0,0,0,0,0,0,0,0,0,0,0,0,0,0,0,3,0,0,0,1
1,0
11,53,14,81,13,85,14,13,0,0,1,0,0,0,0,0,0,3,0,0,0,0,0,0,0,0,0,0,0,0,0,0,158
0,1
11,53,14,81,13,85,36,88,0,0,0,0,0,0,0,0,0,0,3,2,2,0,3,2,0,3,0,0,0,0,0,0,11
0,1
11,39,59,52,44,49,45,58,0,0,0,0,0,0,0,0,0,0,3,0,0,0,0,0,0,0,0,1,0,0,0,0,155
0,1
11,88,59,26,44,49,45,53,0,0,0,0,0,0,0,0,0,1,0,0,2,3,2,3,1,1,0,0,1,0,0,0,16
1,0
28,13,32,55,44,49,45,53,0,0,1,0,0,0,0,0,0,2,0,0,0,3,0,0,0,0,0,0,0,0,0,0,278
0,1
25,13,47,28,49,37,48,53,0,0,0,0,0,0,0,0,0,0,0,0,0,0,0,1,1,3,0,0,0,0,0,0,102
0,1
25,13,47,28,49,37,70,67,0,0,1,0,0,0,0,0,0,3,0,0,0,1,0,3,2,0,3,2,1,0,0,0,6
0,1
15,25,34,28,29,44,29,11,0,0,0,0,0,0,0,0,3,0,0,0,0,0,0,0,0,0,0,0,0,0,0,0,246
0,1
15,25,34,28,29,44,29,72,0,0,0,0,0,0,0,0,0,2,2,0,2,1,3,0,0,2,3,3,2,0,0,0,5
0,1
11,23,35,29,31,44,29,72,0,0,0,0,0,0,0,0,0,0,0,0,1,0,0,0,2,3,0,0,0,0,0,0,158
0,1
19,50,36,88,48,72,29,72,0,0,0,0,0,0,0,0,0,0,3,0,0,0,0,0,0,0,2,0,0,0,0,0,297
0,1
19,50,36,88,48,72,88,88,0,0,1,0,0,0,0,0,2,0,0,3,0,0,0,3,0,0,0,2,0,0,3,0,4
0,1
11,16,66,88,70,72,88,88,0,0,1,0,39,0,0,0,0,0,0,0,0,0,0,0,0,0,3,1,0,0,0,0,255
0,1
11,40,66,88,56,88,88,88,0,0,1,0,0,0,0,0,0,0,0,0,0,0,0,0,1,3,0,0,0,0,0,0,51
0,1
50,40,11,83,84,76,88,75,0,0,1,0,0,0,0,0,0,0,0,0,0,0,0,0,0,0,0,0,0,3,3,0,291
0,1
18,88,11,64,84,76,88,75,0,0,1,0,0,0,0,0,0,0,0,0,3,1,0,0,0,0,0,0,0,0,0,0,37
0,1
18,11,73,88,84,76,88,75,0,0,1,0,0,0,0,0,3,3,1,3,1,1,0,0,0,0,0,0,0,0,0,0,18
0,1
69,88,88,88,84,76,88,75,0,0,0,0,0,0,0,0,3,1,0,0,0,0,0,0,0,0,0,3,0,0,0,0,7
0,1
69,10,88,89,84,79,88,75,0,0,1,0,0,0,0,0,0,0,0,0,0,0,0,0,3,0,0,0,0,0,0,0,8
1,0
46,10,26,12,36,53,36,75,0,0,1,0,0,0,0,0,0,0,3,0,0,0,0,0,0,0,0,0,0,0,0,0,4
1,0
46,10,26,63,36,53,36,75,0,0,0,0,0,0,0,0,0,0,0,0,0,0,0,0,0,0,3,0,0,0,0,0,7
1,0
11,52,26,69,67,78,36,75,0,0,0,0,0,0,0,0,0,0,0,0,0,0,0,0,0,0,3,2,0,0,0,0,49
0,1
11,52,52,88,67,78,88,88,0,0,1,0,0,0,0,0,0,0,0,0,0,0,0,0,0,0,0,2,0,0,3,0,14
0,1
11,11,17,89,67,44,88,88,0,0,1,0,0,0,0,0,0,3,3,3,0,0,0,2,3,0,0,0,0,0,0,0,4
1,0
54,67,17,89,67,88,88,33,0,0,1,0,0,0,0,0,0,0,0,0,0,2,3,2,3,3,3,2,0,0,0,0,3
1,0
54,88,17,89,67,37,88,78,0,0,1,0,0,0,0,0,3,0,3,0,0,0,3,0,0,0,0,0,0,0,0,0,2
1,0
54,11,27,89,67,57,88,78,0,0,0,0,0,0,0,0,0,2,2,3,0,0,0,0,2,0,0,1,0,0,0,0,5
1,0
54,11,88,61,67,57,88,78,0,0,1,0,0,0,0,0,0,3,0,0,1,0,0,0,0,2,0,0,0,1,0,0,6
1,0
54,11,88,88,67,88,88,78,0,0,1,0,0,0,0,0,0,0,0,0,0,0,1,0,0,0,0,3,0,0,3,0,3
1,0
72,53,88,74,67,40,22,59,0,0,1,0,0,0,0,0,3,0,0,0,0,0,0,0,0,0,0,0,0,0,0,0,2
1,0
11,53,11,74,56,81,78,73,0,0,1,0,0,0,0,0,0,0,0,0,0,0,0,0,0,0,3,0,0,0,0,0,3
1,0
11,88,58,74,56,81,78,73,0,0,1,0,0,0,0,0,0,0,0,0,0,0,0,0,0,0,0,0,0,0,0,0,1
1,0
47,88,54,74,56,62,88,85,0,0,1,0,0,0,0,0,0,0,0,3,3,0,0,0,0,0,0,0,0,0,0,0,3
1,0
88,82,79,77,83,84,88,85,0,0,1,0,0,0,0,0,0,3,0,0,0,0,0,0,0,0,0,0,0,0,0,0,2
1,0
78,11,11,11,11,16,88,85,0,0,1,0,0,0,0,0,0,3,0,0,0,0,0,0,0,0,0,0,0,0,0,0,2
1,0
78,11,11,11,88,88,11,11,0,0,1,0,0,0,0,0,0,0,0,0,0,0,0,0,0,0,3,0,0,0,0,0,3
1,0
78,11,11,11,88,88,72,39,0,0,1,0,0,0,0,0,0,0,0,0,3,0,0,0,0,0,0,0,0,0,0,0,3
1,0
88,11,11,11,55,88,72,77,0,0,0,0,0,0,0,0,0,0,2,0,0,0,0,3,0,0,0,0,0,0,0,0,3
1,0
88,11,88,88,11,11,88,88,0,0,0,0,0,0,0,0,0,0,3,0,0,0,0,0,0,1,2,3,0,0,0,0,7
1,0
49,73,88,76,11,11,11,15,0,0,0,0,0,0,0,0,0,0,0,0,0,0,0,1,0,0,0,3,0,0,0,0,5
1,0
11,88,23,88,40,59,85,11,0,0,1,0,0,0,0,0,0,0,0,0,0,0,0,0,3,0,0,0,0,0,0,0,1
1,0
11,69,44,32,31,33,50,88,0,0,1,0,0,0,0,0,0,0,3,3,0,2,3,0,0,0,3,0,0,0,0,0,4
1,0
10,12,44,19,31,60,50,88,0,0,1,0,0,0,0,0,0,3,0,0,0,0,0,0,0,0,0,0,0,0,0,0,175
0,1
10,12,44,19,31,60,41,18,0,0,0,0,0,0,0,0,0,0,3,0,3,1,0,0,1,3,0,2,0,0,0,0,11
0,1
11,15,34,48,48,18,41,18,0,0,1,0,0,0,0,0,3,3,0,0,0,0,0,0,0,1,1,0,0,0,0,0,180
0,1
11,15,34,48,48,18,48,47,0,0,0,0,0,0,0,0,1,0,1,2,2,3,3,1,2,2,0,0,1,0,1,0,9
0,1
19,15,43,29,52,18,48,47,0,0,0,0,0,0,0,0,1,1,0,0,0,3,0,0,0,0,0,0,0,0,0,0,309
0,1
11,11,8,11,11,11,11,11,0,0,0,0,0,0,0,0,0,0,0,0,2,3,2,3,2,1,1,2,2,2,1,1,20
1,0
11,27,8,11,11,11,11,11,0,0,0,0,0,0,0,0,0,0,0,0,0,0,0,0,3,0,0,0,0,0,0,0,3
1,0
11,26,8,24,11,23,11,24,0,0,1,0,0,0,0,0,0,0,2,0,0,3,0,0,0,0,0,2,0,0,0,0,3
1,0
11,26,8,42,11,40,11,41,0,0,1,0,0,0,0,0,0,2,0,0,0,0,2,0,1,0,3,0,0,0,0,0,3
1,0
11,43,8,54,11,55,11,53,0,0,1,0,0,0,0,0,0,0,0,2,0,0,0,3,3,0,0,0,0,0,3,0,4
1,0
11,43,28,54,28,55,29,53,0,0,1,0,0,0,0,0,0,0,0,0,3,3,0,3,0,0,3,0,0,2,0,0,2
1,0
11,13,45,31,47,30,29,53,0,0,0,0,0,0,0,0,3,3,0,0,0,1,0,0,0,0,0,0,0,0,0,0,328
0,1
11,13,45,31,47,30,73,72,0,0,1,0,0,0,0,0,0,0,2,2,3,2,3,1,0,0,2,2,0,0,0,0,6
0,1
11,29,36,31,38,30,73,72,0,0,1,0,0,0,0,0,0,0,0,0,0,0,0,3,0,0,3,1,0,0,0,0,193
0,1
11,49,21,34,23,35,73,72,0,0,0,0,0,0,0,0,0,0,0,0,0,3,0,0,3,0,0,0,0,2,0,3,11
0,1
11,49,16,54,18,58,73,72,0,0,0,0,0,0,0,0,3,0,0,0,0,0,0,0,0,3,0,0,0,0,0,0,220
0,1
11,58,17,88,20,88,73,72,0,0,0,0,38,0,0,0,0,3,0,0,0,0,0,0,0,0,0,0,0,0,0,0,333
0,1
11,76,32,51,88,31,73,72,0,0,1,0,0,0,0,0,1,0,2,0,0,1,0,0,0,0,0,0,0,3,0,0,3
1,0
11,29,49,51,43,31,47,43,0,0,0,0,0,0,0,0,0,3,3,0,0,0,0,1,0,0,2,2,0,0,2,0,53
0,1
20,39,30,50,41,29,47,43,0,0,1,0,0,0,0,0,2,2,0,0,0,0,0,0,0,1,3,0,0,0,0,0,105
0,1
39,58,11,46,10,77,13,43,0,0,0,0,0,0,0,0,3,0,0,0,0,0,0,0,0,0,0,0,0,0,0,0,118
0,1
11,55,23,83,27,75,13,43,0,0,1,0,0,0,0,0,0,3,2,2,0,0,0,0,0,0,0,0,0,0,0,0,238
0,1
11,24,68,32,52,34,50,56,0,0,1,0,0,0,0,0,0,0,3,0,0,0,0,0,0,0,0,3,0,0,0,0,197
0,1
11,24,69,34,52,34,50,56,0,0,1,0,0,0,0,0,1,3,0,0,0,0,0,0,0,1,0,0,3,0,3,2,12
1,0
11,28,30,51,46,19,50,56,0,0,0,0,0,0,0,0,2,3,0,0,0,0,0,1,0,0,1,0,0,0,0,0,389
0,1
11,28,30,51,46,19,50,56,0,0,1,0,0,0,0,0,0,0,0,0,3,0,0,0,2,1,0,0,0,0,0,0,11
1,0
11,28,31,51,43,34,43,31,0,0,1,0,0,0,0,0,0,0,0,0,0,0,0,0,0,3,0,0,0,2,0,0,67
0,1
89,10,8,11,87,74,88,77,0,0,1,0,0,0,0,0,0,0,0,0,0,0,0,0,0,3,0,0,0,3,0,0,266
0,1
52,67,78,88,51,11,85,65,0,0,1,0,0,0,0,0,0,0,0,2,0,1,0,0,0,3,0,2,0,1,2,0,6
1,0
88,10,11,11,84,73,86,73,0,0,1,0,0,0,0,0,0,0,0,0,0,0,0,0,0,0,0,0,0,1,3,0,381
0,1
90,10,11,11,84,72,86,70,0,0,1,0,0,0,0,0,0,0,0,0,0,0,0,0,0,1,2,2,0,0,2,3,14
1,0
90,10,11,11,78,83,80,73,0,0,1,0,0,0,0,0,0,0,0,0,0,0,0,0,0,3,0,0,0,0,0,0,166
0,1
90,10,73,88,38,13,80,66,0,0,1,0,0,0,0,0,0,0,0,0,0,0,0,0,0,0,3,3,0,0,0,0,22
1,0
11,15,39,46,47,29,11,66,0,0,1,0,0,0,0,0,0,3,0,0,0,0,0,0,0,0,1,0,0,0,0,0,166
0,1
11,15,39,46,47,29,11,66,0,0,1,0,0,0,0,0,3,0,0,0,1,0,1,0,3,0,0,0,2,3,0,2,10
1,0
88,15,73,88,71,79,11,66,0,0,1,0,0,0,0,0,0,0,0,0,2,3,2,1,0,3,0,0,0,0,0,0,68
0,1
11,52,70,90,68,83,11,66,0,0,1,0,0,0,0,0,0,0,0,0,0,0,0,0,0,3,2,1,0,0,0,0,143
0,1
11,10,48,39,45,46,74,66,0,0,1,0,0,0,0,0,0,3,1,0,0,1,0,0,0,0,0,0,0,0,0,0,224
0,1
11,22,47,49,45,40,74,66,0,61,1,0,0,0,0,0,3,1,0,0,0,0,0,0,0,1,0,0,0,0,0,0,200
0,1
11,11,47,49,45,40,74,66,0,0,1,0,0,0,0,0,0,0,3,0,0,0,0,0,0,0,0,0,0,0,0,0,71
0,1
11,11,48,49,45,49,74,66,0,0,1,0,0,0,0,0,0,0,2,1,0,0,0,0,1,3,0,0,0,0,0,0,125
0,1
11,40,48,52,45,67,74,66,0,0,1,0,0,0,0,0,0,0,0,1,0,0,0,0,0,0,3,1,0,0,0,0,222
0,1
11,40,49,54,45,67,74,66,0,0,1,0,0,0,0,0,3,0,0,0,0,0,0,0,3,0,0,0,0,0,0,0,11
1,0
11,88,49,54,45,67,74,66,0,0,1,0,0,0,0,0,3,0,0,0,0,0,0,0,0,0,0,0,0,3,3,0,2
1,0
11,17,36,54,45,34,73,32,0,0,1,0,0,0,0,0,0,3,0,0,0,0,0,0,0,0,0,0,0,0,0,0,227
0,1
11,44,25,41,22,55,73,32,0,0,1,0,0,0,0,0,3,0,0,0,0,0,0,1,0,0,0,0,0,0,0,0,261
0,1
11,58,25,88,26,88,73,32,0,0,1,0,0,0,0,0,0,0,3,3,0,0,0,0,0,0,0,0,0,0,0,0,272
0,1
11,58,25,88,26,88,43,88,0,0,0,0,0,0,0,0,0,0,0,0,0,3,1,3,0,0,0,0,0,0,0,0,19
0,1
11,64,12,82,10,77,43,44,0,41,0,0,0,0,0,0,3,1,0,0,0,0,0,3,0,0,0,0,0,0,0,0,370
0,1
11,10,60,13,58,24,74,44,0,0,1,0,37,0,0,0,0,0,3,3,0,0,0,0,0,1,1,0,0,0,0,0,255
0,1
11,11,60,13,60,24,74,44,0,0,1,0,0,0,0,0,0,0,0,0,3,3,0,0,1,0,0,0,0,0,0,0,15
1,0
11,11,60,88,60,88,74,44,0,0,1,0,0,0,0,0,0,1,0,3,0,3,1,0,0,0,1,0,0,0,0,0,6
1,0
11,45,60,90,60,88,74,75,0,0,1,0,0,0,0,0,0,1,0,0,0,0,0,0,0,0,0,0,2,0,3,2,3
1,0
11,45,87,89,86,88,74,75,0,0,1,0,0,0,0,0,0,0,0,0,0,0,0,0,0,0,0,0,0,0,0,3,2
1,0
69,88,75,89,46,88,74,75,0,0,1,0,0,0,0,0,0,0,0,0,0,0,0,0,0,0,0,0,0,0,0,0,1
1,0
15,11,75,64,46,88,74,75,0,0,1,0,0,0,0,0,0,0,0,0,0,0,0,0,0,0,0,0,0,0,0,0,1
1,0
15,11,75,64,88,88,74,75,0,0,0,0,0,0,0,0,0,0,0,0,0,0,0,0,0,3,0,0,0,0,0,1,5
1,0
15,11,75,64,88,11,74,75,0,0,1,0,0,0,0,0,0,0,0,0,0,0,0,0,0,0,0,0,0,0,2,3,3
1,0
15,20,75,30,37,85,74,75,0,0,1,0,0,0,0,0,0,0,0,0,0,0,0,0,0,0,0,0,0,0,3,0,2
1,0
15,62,49,52,37,85,74,75,0,0,1,0,0,0,0,0,0,0,0,0,0,0,0,0,0,0,0,0,0,0,0,0,1
1,0
15,78,37,76,37,85,74,75,0,0,1,0,0,0,0,0,0,0,0,0,0,0,0,0,3,0,0,0,0,0,0,0,4
1,0
15,78,37,76,88,85,88,24,0,0,1,0,0,0,0,0,0,0,0,3,0,0,0,3,0,0,0,0,0,0,0,0,1
1,0
15,24,55,43,48,33,59,36,0,0,1,0,0,0,0,0,0,1,3,0,0,0,0,3,0,0,0,0,0,0,0,0,176
0,1
15,30,55,43,48,56,59,78,0,0,1,0,0,0,0,0,0,0,3,0,0,0,0,0,0,0,2,3,0,0,0,0,136
0,1
14,30,55,43,48,56,59,78,0,0,1,0,0,0,0,0,0,1,0,0,0,2,0,1,3,0,0,0,0,0,3,0,9
1,0
11,10,49,32,48,38,54,51,0,0,1,0,0,0,0,0,0,3,0,0,0,0,0,0,0,1,0,0,0,0,0,0,257
0,1
11,13,44,47,48,35,54,60,0,0,1,0,0,0,0,0,0,3,0,0,0,0,0,0,0,2,0,0,0,0,0,0,179
0,1
61,11,8,52,53,25,26,38,0,0,1,0,0,0,0,0,0,0,0,3,0,0,0,0,0,3,3,2,0,0,0,0,4
1,0
50,10,27,32,43,45,32,56,0,0,0,0,0,0,15,0,0,2,3,1,0,0,0,0,0,0,0,0,0,0,1,0,5
1,0
50,10,37,32,43,55,36,56,0,0,0,0,0,0,0,0,0,0,0,1,0,0,0,0,0,0,0,3,0,1,3,2,7
1,0
88,10,8,11,11,11,11,11,0,0,0,0,0,0,0,0,1,1,0,1,2,3,3,2,3,3,3,3,3,3,3,3,47
1,0
72,10,8,11,11,11,11,11,0,0,1,0,0,0,0,0,0,1,3,1,2,0,0,0,1,0,0,3,0,0,0,0,5
1,0
50,10,8,11,11,11,11,11,0,0,1,0,0,0,0,0,0,0,3,0,1,0,2,1,2,0,0,0,0,0,0,0,3
1,0
33,10,8,11,11,11,11,11,0,0,0,0,0,0,0,0,0,0,0,0,3,0,2,3,0,0,0,2,1,1,3,2,5
1,0
24,10,8,11,11,11,11,11,0,0,1,0,0,0,0,0,1,1,0,0,3,0,0,0,1,2,3,2,2,1,0,0,6
1,0
16,10,8,11,11,11,11,11,0,0,1,0,0,0,0,0,0,1,1,3,2,0,3,0,2,0,0,1,0,0,0,0,5
1,0
11,10,8,11,11,11,11,11,0,0,1,0,0,0,0,0,0,0,0,3,0,1,0,0,2,2,0,0,0,1,0,0,6
1,0
88,10,18,19,11,11,11,11,0,0,1,0,0,0,0,0,3,1,0,0,0,0,1,0,3,3,1,0,0,0,0,1,9
1,0
75,10,18,19,11,11,11,11,0,0,1,0,0,0,0,0,2,2,0,0,0,0,3,0,0,1,0,2,0,0,0,0,3
1,0
64,10,18,19,11,11,11,11,0,0,0,0,0,0,0,0,3,0,0,0,2,2,3,2,0,3,0,0,3,0,2,0,4
1,0
41,10,18,19,11,11,11,11,0,0,1,0,0,0,0,0,0,0,3,0,0,0,1,0,0,0,3,2,0,0,0,0,8
1,0
11,10,18,19,11,11,11,11,0,0,1,0,0,0,0,0,0,0,2,0,0,0,0,0,3,0,0,1,0,0,0,0,8
1,0
88,10,11,11,37,48,11,11,0,0,1,0,0,0,0,0,0,2,3,2,0,2,1,1,2,0,0,0,2,0,0,0,6
1,0
70,10,11,11,37,48,11,11,0,0,1,0,0,0,0,0,0,3,2,1,0,2,0,0,3,0,0,2,0,0,2,1,5
1,0
37,10,11,11,37,48,11,11,0,0,1,0,0,0,0,0,3,0,3,3,0,3,0,2,0,3,0,0,0,0,0,3,4
1,0
11,10,11,11,37,48,11,11,0,0,1,0,0,0,0,0,0,0,2,0,0,0,0,0,0,0,0,0,0,0,3,2,4
1,0
83,10,11,11,11,11,44,47,18,0,0,0,0,0,0,0,3,2,3,0,0,0,1,1,3,0,0,3,0,0,0,0,5
1,0
52,10,11,11,11,11,44,47,0,0,0,0,0,0,0,0,3,0,0,2,0,0,0,0,3,0,3,3,3,0,0,0,7
1,0
11,10,11,11,11,11,44,47,0,0,1,0,0,0,0,0,0,3,1,0,3,0,0,1,2,2,3,0,0,1,0,0,5
1,0
88,10,47,44,44,41,11,11,0,0,1,0,0,0,0,0,2,1,0,1,3,0,0,0,0,2,2,0,0,0,0,0,5
1,0
55,10,47,44,44,41,11,11,12,0,1,0,0,0,0,0,0,0,0,3,0,2,3,3,0,0,0,0,0,0,0,2,4
1,0
11,10,47,44,44,41,11,11,0,0,0,0,0,0,0,0,0,0,0,3,2,0,0,3,1,0,0,0,0,0,0,0,7
1,0
88,10,11,11,44,41,41,42,0,0,0,0,0,0,0,0,0,2,3,0,2,0,0,1,2,2,3,0,0,2,0,0,6
1,0
52,10,11,11,44,41,41,42,0,0,0,0,0,0,0,0,1,0,0,3,2,0,0,0,0,0,0,2,0,0,0,0,8
1,0
12,10,11,11,44,41,41,42,16,0,1,0,0,0,0,0,3,0,2,3,0,0,0,0,0,0,0,2,0,0,0,0,8
1,0
88,10,40,42,11,11,41,42,0,0,1,0,0,0,0,0,2,3,3,3,3,0,0,0,2,1,0,3,0,1,0,0,3
1,0
47,10,40,42,11,11,41,42,0,0,1,0,0,0,0,0,0,1,0,0,2,1,0,1,0,3,0,0,0,1,0,0,6
1,0
11,10,40,42,11,11,41,42,0,0,1,0,0,0,0,0,3,2,0,0,0,0,0,1,0,2,0,0,0,0,1,1,5
1,0
88,10,88,88,11,11,11,11,0,0,0,0,0,0,0,0,0,2,3,3,3,2,0,0,0,0,0,0,3,0,1,2,5
1,0
48,10,88,88,11,11,11,11,0,0,1,0,0,0,0,0,1,1,1,0,0,0,0,0,0,0,0,3,0,3,0,0,7
1,0
48,47,88,88,11,11,11,11,0,0,0,0,0,0,0,0,0,0,0,2,3,3,0,3,0,3,0,3,0,0,0,0,4
1,0
10,10,88,88,11,11,11,11,0,0,1,0,0,0,0,0,0,0,0,2,0,0,0,3,0,0,0,0,0,0,0,0,11
1,0
88,10,11,11,84,88,11,11,0,0,1,0,15,0,0,0,2,1,0,1,3,3,2,1,0,0,0,0,0,0,0,0,31
1,0
88,46,11,11,88,88,11,11,0,0,1,0,0,0,0,0,3,0,0,0,0,0,0,0,0,0,0,0,0,0,0,0,2
1,0
88,88,11,11,88,88,11,11,0,0,0,0,0,0,0,0,0,3,2,0,3,0,0,0,0,0,3,0,0,0,2,0,4
1,0
48,11,11,11,88,88,11,11,0,0,1,0,0,0,0,0,3,0,3,1,0,3,3,0,0,0,0,0,0,0,0,0,10
1,0
48,47,11,11,88,88,11,11,0,0,1,0,0,0,0,0,3,0,0,0,0,0,2,1,1,0,0,1,0,2,2,2,5
1,0
48,88,11,11,88,88,11,11,0,0,1,0,0,0,0,0,0,0,0,2,2,2,3,0,1,0,0,0,0,0,1,0,6
1,0
11,11,11,11,88,88,11,11,0,0,1,0,0,0,0,0,3,1,0,0,0,0,1,0,0,0,0,0,0,0,1,0,13
1,0
11,49,11,11,88,88,11,11,0,0,1,0,0,0,0,0,3,2,0,0,2,0,0,0,3,0,0,0,0,0,3,1,3
1,0
11,84,11,11,88,88,11,11,0,40,1,0,0,0,0,0,0,0,0,0,3,0,0,0,1,0,0,1,2,0,2,0,3
1,0
88,11,11,11,11,11,83,88,0,0,1,0,0,0,27,0,0,3,3,0,0,0,0,0,0,0,0,0,0,0,0,0,36
1,0
88,45,11,11,11,11,88,88,0,0,0,0,0,0,0,0,0,1,0,0,0,0,0,3,0,0,0,0,2,0,2,0,3
1,0
88,88,11,11,11,11,88,88,0,0,0,0,0,0,0,0,2,0,0,0,0,0,2,0,0,0,3,0,0,0,2,0,4
1,0
49,88,11,11,11,11,88,88,0,0,1,0,0,0,0,0,0,0,0,0,0,0,0,0,0,3,0,0,0,0,1,0,7
1,0
49,50,11,11,11,11,88,88,0,0,1,0,0,0,0,0,1,3,0,0,2,3,0,0,0,0,2,0,0,0,0,0,6
1,0
49,11,11,11,11,11,88,88,0,0,0,0,0,0,0,0,1,1,0,3,0,1,0,0,1,2,0,0,0,0,0,0,6
1,0
11,11,11,11,11,11,88,88,0,0,1,0,0,0,0,0,2,0,3,3,0,2,0,3,0,3,0,0,0,0,0,0,4
1,0
11,48,11,11,11,11,88,88,0,0,1,0,0,0,0,0,0,0,0,3,3,0,0,0,3,0,0,0,0,0,1,0,5
1,0
11,88,11,11,11,11,88,88,0,0,1,0,0,0,0,0,0,0,0,3,0,0,0,1,3,2,0,0,0,0,0,0,8
1,0
88,10,89,88,88,88,11,11,0,0,1,0,0,0,0,0,0,0,0,0,3,3,2,1,0,0,0,0,0,0,0,0,46
1,0
88,48,89,88,88,88,11,11,0,0,1,0,0,0,0,0,0,0,2,0,2,3,3,0,1,0,0,0,0,0,0,0,14
1,0
88,87,89,88,88,88,11,11,0,0,1,0,0,0,0,0,0,0,0,3,0,0,2,3,0,3,0,0,2,0,0,0,3
1,0
50,11,89,88,88,88,11,11,0,0,1,0,0,0,0,0,0,3,0,3,0,1,3,0,0,0,1,0,0,0,0,0,7
1,0
50,47,89,88,88,88,11,11,0,1,1,0,0,0,0,0,1,0,0,0,0,0,0,0,0,0,0,0,3,0,3,2,3
1,0
50,75,89,88,88,88,11,11,0,0,1,0,0,0,0,0,0,0,1,1,0,0,2,3,0,0,0,0,0,0,0,0,11
1,0
88,10,11,11,88,88,88,88,0,0,0,0,0,0,0,0,3,3,3,2,0,0,2,2,0,0,0,0,0,0,0,0,35
1,0
51,10,11,11,88,88,88,88,0,0,1,0,0,0,0,0,1,3,0,0,0,0,0,0,0,0,0,0,0,0,0,0,11
1,0
88,49,11,11,88,88,88,88,0,0,1,0,0,0,0,0,0,0,3,0,0,0,0,2,0,0,0,0,0,0,1,0,3
1,0
88,83,11,11,88,88,88,88,0,17,1,0,0,0,0,0,0,0,2,0,0,0,0,2,0,0,3,0,0,0,0,0,6
1,0
50,44,11,11,88,88,88,88,0,0,1,0,0,0,0,0,0,0,0,0,0,3,0,0,0,0,0,0,0,0,0,0,7
1,0
50,88,11,11,88,88,88,88,0,0,1,0,0,0,0,0,0,0,0,0,2,2,2,3,0,0,0,0,0,2,0,0,4
1,0
11,46,11,11,88,88,88,88,0,0,1,0,0,0,0,0,0,3,1,0,0,0,0,0,0,0,0,0,0,0,0,1,3
1,0
11,71,11,11,88,88,88,88,0,0,0,0,0,0,0,0,2,0,0,3,0,0,0,0,0,0,3,0,0,0,0,0,4
1,0
88,11,88,88,11,11,88,88,0,0,1,0,0,0,0,0,3,0,1,3,0,0,1,0,0,0,1,0,0,0,0,0,15
1,0
88,48,88,88,11,11,88,88,0,0,1,0,0,0,0,0,3,3,0,0,0,0,3,0,2,0,0,0,0,0,0,0,7
1,0
88,88,88,88,11,11,88,88,0,0,1,0,0,0,0,0,1,0,0,0,0,0,0,0,0,3,0,0,0,0,0,0,7
1,0
46,11,88,88,11,11,88,88,17,0,1,0,0,0,0,0,2,2,0,3,0,0,0,0,0,0,0,0,0,0,0,2,4
1,0
46,46,88,88,11,11,88,88,0,0,1,0,0,0,0,0,2,1,0,2,0,0,0,0,3,0,0,0,0,1,0,0,3
1,0
46,66,88,88,11,11,88,88,0,0,1,0,0,0,0,0,0,0,0,0,0,0,0,0,0,0,0,3,0,0,0,0,5
1,0
88,10,41,11,41,11,40,11,0,0,1,0,0,0,0,0,3,3,2,3,0,1,1,0,0,0,0,0,0,0,0,0,26
1,0
88,10,41,47,41,47,40,46,0,0,1,0,0,0,0,0,0,0,0,0,0,0,0,0,0,0,0,3,0,0,3,0,5
1,0
88,10,41,88,41,88,40,88,0,0,1,0,0,0,0,0,0,2,0,0,3,0,1,0,0,0,0,0,0,0,0,0,6
1,0
88,10,11,50,11,52,11,46,0,0,1,0,0,0,0,0,0,0,0,0,0,0,0,2,0,3,1,0,0,0,0,0,3
1,0
88,10,11,88,11,88,11,88,0,0,1,0,0,0,0,0,0,1,0,1,0,0,0,0,0,0,0,0,2,0,3,0,3
1,0
88,10,91,11,88,10,88,11,0,0,1,0,0,0,0,0,0,0,0,0,1,2,1,0,3,0,0,0,0,0,0,0,15
1,0
88,10,91,50,88,49,88,47,0,0,1,0,0,0,0,0,0,0,0,0,3,3,3,3,1,3,0,0,0,0,0,0,14
1,0
88,10,91,88,88,88,88,88,0,0,1,0,0,0,0,0,0,0,0,0,3,3,0,1,1,2,0,0,0,0,2,0,7
1,0
48,47,91,88,88,88,88,88,0,0,1,0,0,0,0,0,0,0,0,0,0,3,2,3,0,0,0,0,2,0,2,0,4
1,0
48,47,42,52,88,88,88,88,0,0,1,0,0,0,0,0,3,0,0,0,0,0,0,0,0,0,0,0,0,2,0,0,4
1,0
19,88,42,52,88,88,88,88,0,0,0,0,0,0,0,0,0,1,0,0,2,0,1,0,0,0,0,0,0,3,0,0,5
1,0
47,42,88,88,45,47,88,88,0,0,1,0,0,0,0,0,3,0,0,2,0,0,0,2,0,0,0,0,0,0,0,0,3
1,0
47,42,88,88,88,88,44,51,0,0,1,0,0,0,0,0,0,0,0,0,0,0,2,0,3,3,3,2,0,0,0,0,4
1,0
47,42,47,51,45,53,88,88,0,0,1,0,0,0,0,0,3,2,0,0,0,0,0,0,2,0,0,3,0,0,0,2,4
1,0
47,42,47,51,88,88,46,54,0,0,1,0,0,0,0,0,1,0,2,0,0,1,0,0,0,0,0,3,0,0,0,0,5
1,0
47,42,88,88,51,53,46,54,0,0,1,0,0,0,0,0,0,0,3,0,1,0,0,1,0,0,0,0,0,0,0,0,6
1,0
47,42,88,88,51,53,11,11,0,0,1,0,0,0,0,0,0,0,3,0,0,0,0,0,0,0,0,2,2,0,0,0,4
1,0
47,42,11,11,88,83,46,48,0,0,1,0,0,0,0,0,0,0,0,0,0,0,0,0,0,0,0,0,0,3,3,3,4
1,0
47,42,44,47,11,11,88,88,0,0,1,0,0,0,0,0,0,2,1,0,0,0,3,0,1,0,0,0,1,3,0,3,5
1,0
11,63,10,11,11,11,11,11,0,41,1,0,0,0,0,0,0,2,3,3,0,0,0,0,0,0,0,0,0,0,0,0,443
0,1
11,63,10,11,11,11,11,11,0,0,1,0,0,0,0,0,0,3,0,0,0,0,0,0,0,0,0,0,0,0,0,0,75
0,1
10,51,40,89,39,88,11,11,0,0,1,0,0,0,0,0,0,0,0,0,3,3,3,2,0,0,0,0,0,0,0,0,79
0,1
10,23,44,31,42,37,11,11,0,0,1,0,0,0,0,0,0,0,0,0,0,0,0,0,0,0,3,0,0,0,0,0,60
0,1
11,56,54,88,54,77,11,11,0,0,39,0,0,0,0,0,0,0,0,0,0,0,0,3,0,0,0,0,0,0,0,0,309
0,1
11,56,60,79,54,79,11,11,0,0,38,0,0,0,0,0,0,0,0,0,3,0,0,0,0,2,0,2,0,0,0,0,32
0,1
11,39,26,56,28,58,11,11,0,0,1,0,0,0,0,0,0,3,0,0,0,0,0,1,0,0,0,0,0,0,0,0,319
0,1
11,58,30,88,33,88,11,11,0,0,1,0,0,0,0,0,0,0,3,3,0,0,0,0,0,0,0,0,0,0,0,0,342
0,1
11,10,65,88,66,87,11,11,0,0,1,0,39,0,0,0,0,0,0,0,0,0,0,1,0,3,2,1,0,0,0,0,183
0,1
77,10,88,76,88,76,11,11,0,0,1,0,0,0,0,0,0,0,0,0,0,0,0,0,0,0,3,0,0,0,0,0,322
0,1
68,51,42,76,76,81,76,83,0,0,1,0,0,0,0,0,0,0,0,0,0,0,0,0,0,0,0,0,0,3,0,0,139
0,1
11,54,34,79,78,81,80,83,0,0,1,0,0,0,0,0,0,0,0,0,0,0,0,0,2,3,0,0,0,0,0,0,103
0,1
11,30,42,55,29,56,40,49,0,0,1,0,0,0,0,0,1,3,1,1,1,1,0,0,0,0,1,0,0,0,0,0,171
0,1
11,47,57,90,55,87,41,52,0,0,1,0,0,0,0,0,2,0,0,0,3,3,3,3,0,0,0,0,0,0,0,0,61
0,1
11,37,82,89,70,87,84,88,0,0,1,0,46,0,0,0,0,0,0,0,0,0,0,0,0,3,1,1,0,0,0,0,418
0,1
11,11,82,89,70,87,84,88,0,0,1,0,45,0,0,0,1,1,0,1,1,3,1,2,0,0,0,0,0,0,0,0,20
0,1
11,16,36,41,41,34,41,39,0,0,1,0,0,0,0,0,0,3,0,0,0,0,0,0,0,1,0,0,0,0,0,0,113
0,1
